Hm_dr = 20176.726070276756
Hm_ds = 1203.907447673883
