Hm_dr = 133.13058993204612
Hm_ds = 83.95023265802436
