Hm_dr = 18620.024270520527
Hm_ds = 1088.8443959202846
