Hm_dr = 10460.259947077426
Hm_ds = 542.5129265567746
