Hm_dr = 167.35705206501413
Hm_ds = 92.08272646777273
