Hm_dr = 19649.355514998573
Hm_ds = 1161.0769292944383
