Hm_dr = 14002.032549924897
Hm_ds = 767.529561223008
