Hm_dr = 15060.957595819764
Hm_ds = 838.5757433018322
