Hm_dr = 82.83204517544196
Hm_ds = 63.50229931837251
