Hm_dr = 95.31501667472888
Hm_ds = 70.76715445440716
