Hm_dr = 13003.379049321979
Hm_ds = 703.9157672234383
