Hm_dr = 9453.33854271957
Hm_ds = 480.4707988070667
