Hm_dr = 8946.881027153504
Hm_ds = 454.59112766018745
