Hm_dr = 2779.427540573875
Hm_ds = 210.28104959107213
