Hm_dr = 1015.0597718635352
Hm_ds = 151.51670239255455
