Hm_dr = 222.76578454674907
Hm_ds = 102.25531575632341
