Hm_dr = 16568.269219468148
Hm_ds = 939.9819767534626
