Hm_dr = 6914.713588904843
Hm_ds = 355.3833491883473
