Hm_dr = 17099.57432168475
Hm_ds = 976.7519664854277
