Hm_dr = 5367.396073839397
Hm_ds = 293.74830227113245
