Hm_dr = 23401.66068961875
Hm_ds = 1463.580071745829
