Hm_dr = 703.5645329697766
Hm_ds = 137.33451741648423
