Hm_dr = 22802.427010927575
Hm_ds = 1415.9393101096146
