Hm_dr = 73.58010227117902
Hm_ds = 54.84675352270045
