Hm_dr = 20736.423282828328
Hm_ds = 1246.3146495803007
