Hm_dr = 4847.267237849802
Hm_ds = 275.72636944361335
