Hm_dr = 6405.083741428777
Hm_ds = 334.1506107086367
