Hm_dr = 2304.006625110286
Hm_ds = 194.8591320719918
