Hm_dr = 313.62687086989575
Hm_ds = 112.82251731698257
