Hm_dr = 12485.143323741311
Hm_ds = 671.1652971091031
