Hm_dr = 11971.104318991185
Hm_ds = 637.4941658051047
