Hm_dr = 21754.40718794732
Hm_ds = 1332.0216513944592
