Hm_dr = 63.63098967553802
Hm_ds = 45.62468282916786
