Hm_dr = 7940.079907584838
Hm_ds = 400.798207303045
