Hm_dr = 1396.6054766633774
Hm_ds = 165.8474759525479
