Hm_dr = 21275.4793903855
Hm_ds = 1288.577474391516
