Hm_dr = 15552.661429958001
Hm_ds = 872.7875388486743
