Hm_dr = 17581.961455737026
Hm_ds = 1014.406262689127
