Hm_dr = 7432.481725779796
Hm_ds = 376.1256865316948
