Hm_dr = 13492.806388017874
Hm_ds = 735.1596586882288
