Hm_dr = 19171.106024896035
Hm_ds = 1125.5699818370356
