Hm_dr = 10970.142176189149
Hm_ds = 573.0327075074398
