Hm_dr = 14515.871753062476
Hm_ds = 803.608511792059
