Hm_dr = 4327.628550080954
Hm_ds = 258.6797190100239
