Hm_dr = 18084.92828295298
Hm_ds = 1051.378282690406
