Hm_dr = 8439.306423839953
Hm_ds = 428.034167620341
