Hm_dr = 11477.424078117832
Hm_ds = 603.8539889378608
