Hm_dr = 22270.59809229196
Hm_ds = 1372.9967079601583
