Hm_dr = 16007.251984368288
Hm_ds = 904.6843613513583
