Hm_dr = 3280.3068014658284
Hm_ds = 225.85321765387752
