Hm_dr = 5888.40388526525
Hm_ds = 312.8166700946824
