Hm_dr = 3795.0197585431647
Hm_ds = 241.74864083280102
