Hm_dr = 1825.6545501799565
Hm_ds = 180.1453005817414
