Hm_dr = 111.53545905550199
Hm_ds = 77.29766780532982
