Hm_dr = 9952.900983405716
Hm_ds = 511.58497505458865
