Hm_dr = 467.01699429562206
Hm_ds = 124.47613581866008
